0.000000000000000000e+00 0.000000000000000000e+00 9.523288051957593536e-01
0.000000000000000000e+00 1.000000000000000000e+00 8.684835318384284131e-01
0.000000000000000000e+00 2.000000000000000000e+00 9.284910348635967425e-01
0.000000000000000000e+00 3.000000000000000000e+00 7.023958566939418890e-01
0.000000000000000000e+00 4.000000000000000000e+00 8.298484357863262773e-01
0.000000000000000000e+00 5.000000000000000000e+00 9.004868517686827056e-01
0.000000000000000000e+00 6.000000000000000000e+00 1.021085529673632974e+00
0.000000000000000000e+00 7.000000000000000000e+00 9.186178191543251659e-01
0.000000000000000000e+00 8.000000000000000000e+00 9.319561020857405342e-01
0.000000000000000000e+00 9.000000000000000000e+00 1.051633496310297122e+00
0.000000000000000000e+00 1.000000000000000000e+01 1.196171450589179619e+00
0.000000000000000000e+00 1.100000000000000000e+01 8.259300085375361755e-01
0.000000000000000000e+00 1.200000000000000000e+01 9.106034341967252921e-01
0.000000000000000000e+00 1.300000000000000000e+01 9.982428834270872242e-01
0.000000000000000000e+00 1.400000000000000000e+01 1.034079437587299255e+00
0.000000000000000000e+00 1.500000000000000000e+01 8.790003393012332245e-01
1.000000000000000000e+00 0.000000000000000000e+00 1.010896730845805003e+00
1.000000000000000000e+00 1.000000000000000000e+00 1.099032267238008842e+00
1.000000000000000000e+00 2.000000000000000000e+00 1.002768509098674210e+00
1.000000000000000000e+00 3.000000000000000000e+00 1.012768782775251175e+00
1.000000000000000000e+00 4.000000000000000000e+00 1.142735422881136831e+00
1.000000000000000000e+00 5.000000000000000000e+00 1.081060006546072039e+00
1.000000000000000000e+00 6.000000000000000000e+00 1.235601355058906448e+00
1.000000000000000000e+00 7.000000000000000000e+00 1.140651118449356849e+00
1.000000000000000000e+00 8.000000000000000000e+00 8.958298412589610349e-01
1.000000000000000000e+00 9.000000000000000000e+00 1.108971938149019287e+00
1.000000000000000000e+00 1.000000000000000000e+01 1.221464713796908574e+00
1.000000000000000000e+00 1.100000000000000000e+01 9.016506399295479701e-01
1.000000000000000000e+00 1.200000000000000000e+01 8.746216352292853768e-01
1.000000000000000000e+00 1.300000000000000000e+01 1.334197815187947000e+00
1.000000000000000000e+00 1.400000000000000000e+01 1.049732277351657972e+00
1.000000000000000000e+00 1.500000000000000000e+01 9.386619291936779685e-01
